center_x = 31.536656439304352
center_y = 36.368093848228455
center_z = -30.260187447071075
size_x = 8.0
size_y = 8.0
size_z = 8.0

