center_x = 53.16590220753739
center_y = 1.2489756200712447
center_z = 73.1807319827196
size_x = 20.0
size_y = 20.0
size_z = 20.0

